1098354593
1103809207
1123043922
1127530465
1157085076
1195427067
1204502413
1279012058
1319782555
1321849735
1328216966
1414302321
1420979918
1446523594
1447140290
1497792975
1499848654
1501052499
1506931205
1522257424
1541438898
1541794953
1541795146
1541795281
1542424705
1543063349
1546494565
1547361568
1555743957
1561769193
1578234826
1591142767
1638467041
1649368867
1662119905
1706030487
1724270693
1729446857
1751884355
1778821244
1814100216
1814987817
1814988282
1826684801
1874644848
1888705256
1899474310
1923990111
1931453053
1969732297
2000708343
2000801414
2006605356
2009463077
2011794898
2012507402
2014603702
2014616487
2014789938
2016331497
2018276375
2018947066
2022581505
2023507013
2023661266
2059389912
2068281501
2076235181
2157495459
2162909284
2194535018
2202185773
2221387317
2243274070
2264108215
2269697598
2296557502
2302739121
2358261479
2362707956
2379076640
2412682633
2413690575
2423311270
2425530959
2426119067
2436086611
2454918354
2475965842
2497907804
2505566813
2507086460
2509511179
2511096015
2521176396
2527544142
2552092060
2557302879
2558042766
2558797536
2558978295
2566316158
2567901366
2571676542
2572683272
2574315206
2595360307
2599942235
2602436826
2636621800
2654432921
2659985388
2710382569
2714095848
2739055353
2784149999
2784585275
2787438435
2800155563
2800676538
2800857642
2801452324
2807132773
2807616911
2812513517
2831698056
2841231775
2843483188
2845980214
2848956469
2850854272
2856471776
2870045856
2871064871
2876565401
2879659174
2883683444
2884115974
2884233923
2886929245
2887053053
2889440091
2890080496
2893432492
2895378449
2896207870
2898000489
2898411376
2898826891
2904906618
2906276423
2913588675
2917732219
2918091446
2921021769
2926945131
2937012139
2952321484
2958300354
2960126462
2992224079
3005289691
3009738919
3012491521
3014906877
3014915404
3031634496
3032870787
3033901359
3046776238
3047892432
3093303048
3108763487
3177395100
3203280763
3221480525
3221592105
3221610549
3221646589
3228047321
3229291869
3229905841
3232242247
3238353862
3245454244
3246748490
3250322299
3255137581
3256513109
3261312042
3262718980
3263018536
3266000468
3286518227
3286907608
3289533061
3297307747
3299034372
3301337278
3302208420
3324430833
3339142899
3341372760
3347850851
3348827283
3357749890
3358620558
3368214339
3373064575
3374039039
3400037215
3400608063
3402467889
3409290110
3421951605
3423264477
3453878341
3455926746
3459650108
3461478214
3465476199
3476618866
3480177412
3491552121
3500482839
3503586725
3509486825
3509487668
3509488152
3512466087
3513825850
3513846773
3513849448
3515052580
3519963835
3520167264
3523205869
3523427789
3523724230
3525001145
3525740284
3525790312
3526251680
3526354009
3527726648
3532342422
3533769253
3534185281
3534629428
3534740420
3535481557
3536585361
3538082807
3546378186
3550817577
3559816908
3562365100
3569150345
3575480305
3582096423
3583129312
3609835606
3630049419
3642349335
3655382525
3655704055
3674332861
3682304832
3686924415
3696700829
3722921543
3749200746
3769804600
3783522506
3799737423
717575199
731111514
735106432
761421485
794038005
818773962
832333531
841092540
865497369
872762753
914638336
927155256
949498803
